0.0;547859.9239219773;5924920.040748119;5.038610257105527
1.0;547859.9535905409;5924920.013428743;5.0515209713379585
2.0;547860.0106530542;5924920.097201959;5.144037213950446
3.0;547860.0229545205;5924920.140638012;5.07812863048207
4.0;547860.0009169554;5924920.121647638;5.076983228035645
5.0;547859.9984749228;5924920.114884228;5.083998405710357
6.0;547859.9622021763;5924920.0516676335;4.862833465830865
7.0;547859.9478913596;5924919.987843682;4.754686219321923
8.0;547859.937715412;5924919.8772904165;4.5990889042290455
9.0;547860.0079530193;5924919.612285904;4.60560399818247
10.0;547860.0571226025;5924919.059341236;4.648090015534758
11.0;547860.0807241449;5924918.793926192;4.6687589731993135
12.0;547860.1436626476;5924918.086140866;4.725996751609746
13.0;547860.1732810296;5924917.753062461;4.753471051204236
14.0;547860.2409816489;5924916.991723965;4.819410366003297
15.0;547860.2722284516;5924916.640332885;4.850645026528564
16.0;547860.3257955546;5924916.037935181;4.906868264508802
17.0;547860.3505191201;5924915.759902242;4.933500536277101
18.0;547860.4098574695;5924915.092603033;5.001984998238074
19.0;547860.4362305118;5924914.796020631;5.033593578624469
20.0;547860.4784286538;5924914.321474455;5.08778088541591
21.0;547860.4971836982;5924914.110561505;5.112790702147997
22.0;547860.3518906903;5924914.265917403;5.155668122019181
23.0;547860.2017650533;5924914.37081117;5.172260720740133
24.0;547860.2065766967;5924914.568490589;5.194766191694177
25.0;547860.3217410616;5924914.577767394;5.209438796272322
26.0;547860.9666866511;5924913.993107105;5.2514295318299204
27.0;547861.2435117011;5924913.435342022;5.272799463316114
28.0;547861.6036361257;5924912.213469408;5.308219192321976
29.0;547861.7152729848;5924911.555554665;5.324183049210739
30.0;547861.9487617557;5924910.397992946;5.350310939369055
31.0;547862.2318978846;5924909.83841909;5.362068914861722
32.0;547863.03943882;5924908.953115416;5.381309811587298
33.0;547863.3311466514;5924908.612077047;5.389968348367169
34.0;547864.1510651528;5924908.157820695;5.409450792388136
35.0;547864.8581013776;5924908.168619714;5.417800591385006
36.0;547866.3297707412;5924908.034475416;5.430325762741358
37.0;547866.936189274;5924907.712002666;5.435693809127855
38.0;547867.6741690106;5924907.02873983;5.441550020523511
39.0;547868.0615913039;5924906.532094229;5.444185355448107
40.0;547868.8374481759;5924905.479800957;5.448497840094568
41.0;547869.3373205799;5924904.803243551;5.450438487491455
42.0;547870.3730088338;5924903.335148691;5.453614179516465
43.0;547871.0605600986;5924902.535827865;5.455043262508496
44.0;547872.5306108531;5924901.001380114;5.457381826159032
45.0;547873.4489164468;5924900.172642756;5.458434195693749
46.0;547875.3814990716;5924898.8157932125;5.460156302215585
47.0;547876.4651301579;5924898.115123492;5.460931261853181
48.0;547878.4401804553;5924896.817310451;5.462199412442911
49.0;547879.5488941572;5924896.215275228;5.462770088826151
50.0;547881.5634596673;5924895.250942954;5.4637039485484395
51.0;547882.6446520692;5924894.68172566;5.46412419176962
52.0;547884.533918929;5924893.546894071;5.4648118813768125
53.0;547885.5301490052;5924892.865193155;5.465121346373322
54.0;547887.3270369663;5924891.585624729;5.465627757544672
55.0;547888.2583296107;5924891.001193153;5.465855646013154
56.0;547889.7990391147;5924890.182146747;5.466228564655207
57.0;547890.6284240887;5924889.703627106;5.466396380578342
58.0;547892.2419632868;5924888.60214209;5.466670995992571
59.0;547893.1211779448;5924887.82429442;5.466794574795155
60.0;547894.7719819923;5924886.060383589;5.466996800206352
61.0;547895.689520869;5924885.091033811;5.4670878030156365
62.0;547897.2731890689;5924883.258310246;5.467236720792334
63.0;547898.0412558202;5924882.192135746;5.467303734803836
64.0;547899.5327196936;5924880.33481811;5.4674133971063394
65.0;547900.2619507199;5924879.355687777;5.467462745887689
66.0;547901.5191628338;5924877.5584650645;5.46754350065624
67.0;547902.2494894052;5924876.676837667;5.467579840850866
68.0;547903.6419361184;5924875.1626702575;5.467639308256664
69.0;547904.3337227716;5924874.34607347;5.467666068993391
70.0;547905.685632159;5924873.042546175;5.467709860492219
71.0;547906.4303001454;5924872.374148648;5.467729566964281
72.0;547907.9099548069;5924871.102908796;5.467761814803982
73.0;547908.7303000608;5924870.378953404;5.467776326550991
74.0;547910.1868604698;5924869.017428362;5.467800073698113
75.0;547910.9303515673;5924868.335627389;5.467810760075694
76.0;547912.2374414825;5924867.140728005;5.467828247355514
77.0;547912.9247968628;5924866.540908659;5.46783611675027
78.0;547914.0241194633;5924865.588263668;5.4678462347618035
79.0;547914.6388825835;5924865.082950079;5.470914501090923
80.0;547915.8422016001;5924864.163844692;5.483298603571965
81.0;547916.5392886711;5924863.66304983;5.492683416132774
82.0;547917.9502900288;5924862.67518418;5.517031030693488
83.0;547918.6753843479;5924862.098927105;5.532468925116322
84.0;547920.0936810512;5924860.974809035;5.562475478941974
85.0;547920.8445330645;5924860.329322801;5.579035916921826
86.0;547922.3790316673;5924858.974158629;5.610410267703102
87.0;547923.1962860402;5924858.298936368;5.626979223821454
88.0;547924.8564897283;5924856.9778224435;5.659072461979971
89.0;547925.7894112701;5924856.260863266;5.675874884989489
90.0;547927.618803101;5924854.8659103755;5.707515932806483
91.0;547928.6358749598;5924854.11313404;5.7228195111772315
92.0;547930.6479766233;5924852.623312941;5.747795459674499
93.0;547931.7796021575;5924851.821293909;5.75601542254945
94.0;547933.9668565253;5924850.348494044;5.764166130725732
95.0;547935.1324094828;5924849.573124996;5.765443136711468
96.0;547937.3972679598;5924848.06889059;5.762573372980641
97.0;547938.5115328799;5924847.3167518545;5.757979130263363
98.0;547940.4698663066;5924845.961551616;5.746327907283218
99.0;547941.4882552124;5924845.22216856;5.739025687309417
100.0;547943.4694877286;5924843.878484772;5.720962948344272
101.0;547944.549666515;5924843.106920132;5.710487708813124
102.0;547947.2622731454;5924841.545965564;5.678723040479093
103.0;547948.7639901979;5924841.001823161;5.667232813806312
104.0;547951.3863560994;5924840.067231683;5.6725582604852
105.0;547952.6861874834;5924839.548480986;5.681787241534364
106.0;547955.0265253516;5924838.597678672;5.705180393756547
107.0;547956.3311992119;5924838.0777042685;5.722188296483918
108.0;547958.6266885867;5924837.102845342;5.767807047313193
109.0;547959.7662935809;5924836.51005692;5.795881962637577
110.0;547961.6851171701;5924835.164069301;5.852764201025903
111.0;547962.7146214623;5924834.408133897;5.882959719023905
112.0;547964.6283316169;5924833.045704264;5.9459617569156835
113.0;547965.7215310271;5924832.301983908;5.982227108747642
114.0;547967.876952203;5924831.009976725;6.059869778405963
115.0;547968.9668958661;5924830.449191179;6.095826168786255
116.0;547970.8568725013;5924829.477347936;6.147273230609028
117.0;547971.9151886344;5924829.026482094;6.166653738541147
118.0;547973.8247415896;5924828.422951577;6.186982783404288
119.0;547974.8258169554;5924827.998479852;6.190746310184841
120.0;547976.8385323236;5924827.29517511;6.190411602057712
121.0;547977.9454956494;5924826.908187179;6.183550152633908
122.0;547980.0888154301;5924826.283073754;6.162948008214054
123.0;547981.2236702681;5924825.854460523;6.147432404340321
124.0;547983.5419623619;5924825.065631897;6.11714605559308
125.0;547984.7528547288;5924824.591656052;6.097601141288632
126.0;547986.9998894427;5924823.505124251;6.062225847409088
127.0;547988.2713026942;5924822.934200499;6.046369394947655
128.0;547990.5137554137;5924821.780816031;6.014160487121716
129.0;547991.6602927158;5924821.085276975;5.99842285383784
130.0;547993.6047300852;5924819.438467417;5.970866362207846
131.0;547994.5732691545;5924818.4127084995;5.959913719088055
132.0;547995.9505579848;5924816.347604186;5.943025434378597
133.0;547996.6805861893;5924815.259743611;5.940035027628969
134.0;547997.8810126358;5924813.393672471;5.932730285641027
135.0;547998.5431949063;5924812.4763763035;5.928872809926491
136.0;547999.9923793445;5924810.845520627;5.9161472203025305
137.0;548000.9073370491;5924810.084867064;5.902868368276592
138.0;548002.6997453587;5924808.80292597;5.8628399948506855
139.0;548003.7067484113;5924808.226373867;5.836084466164698
140.0;548005.547284054;5924807.222742528;5.776069460211817
141.0;548006.5251402955;5924806.6683395505;5.745637887877086
142.0;548008.2548553209;5924804.903784452;5.6952167742447
143.0;548009.206909593;5924804.015061593;5.672492686322544
144.0;548011.1261282194;5924802.048074123;5.635300567857133
145.0;548012.2132024423;5924800.938055404;5.6185635193509755
146.0;548014.0478628139;5924799.023338117;5.591174807621822
147.0;548014.8940822855;5924798.1138624335;5.5788496978210596
148.0;548016.1487741558;5924796.451863072;5.558680781831664
149.0;548016.7201057905;5924795.695722947;5.549604632576273
150.0;548017.5647030915;5924794.44731577;5.534752344183041
151.0;548017.9202851548;5924793.814629882;5.528068713475672
152.0;548018.3828963398;5924792.745256687;5.517131562930165
153.0;548018.662653096;5924792.193530367;5.512209770860036
154.0;548019.142466946;5924791.060869342;5.504155708153469
155.0;548019.6220860403;5924790.463471325;5.500531325203215
156.0;548020.7532119834;5924789.45303973;5.494600353894793
157.0;548021.435876086;5924788.989258424;5.491931376501412
158.0;548023.0594688281;5924787.9987215195;5.487563839030832
159.0;548023.9496493286;5924787.540570284;5.485598417488973
160.0;548025.5095783445;5924786.751581043;5.482382184840901
161.0;548026.3844350227;5924786.346716128;5.480934858292994
162.0;548028.0407544273;5924785.592147354;5.478566440731337
163.0;548028.9374459492;5924785.201995761;5.4775006367337395
164.0;548030.624019428;5924784.3462667335;5.475756545941759
165.0;548031.5901356012;5924783.851989251;5.474971693233201
166.0;548033.0759695221;5924783.161585516;5.473962575123941
167.0;548033.8808422274;5924782.746686834;5.473496822893981
168.0;548035.4805302478;5924782.129825315;5.472698373274761
169.0;548036.3065589023;5924781.793912879;5.4723298537850695
170.0;548037.8323490126;5924781.147040117;5.471698092459429
171.0;548038.6277749459;5924780.6874326365;5.4714065069219995
172.0;548039.939798669;5924779.826951937;5.470906635216926
173.0;548040.5906487704;5924779.3979799785;5.470675922519181
174.0;548041.7142592147;5924778.543789803;5.470280406504839
175.0;548042.3355161799;5924778.058832977;5.470097858531541
176.0;548043.6040607552;5924777.195778601;5.469784912397536
177.0;548044.3166215534;5924776.733977392;5.4696404740424684
178.0;548045.7953778285;5924775.947115411;5.4693928600919905
179.0;548046.5220853721;5924775.444333783;5.4692785754026705
180.0;548047.975149055;5924774.494404096;5.469082654565795
181.0;548048.7674317891;5924773.862699373;5.468992228513747
182.0;548050.2684521936;5924772.755078983;5.468837209080277
183.0;548051.1927741808;5924772.132283888;5.468765660818322
184.0;548052.8502437222;5924770.988524616;5.468643004008887
185.0;548053.6413943407;5924770.3598461775;5.468586392516149
186.0;548055.1028961622;5924769.205289655;5.468489342149209
187.0;548055.8634105403;5924768.513920559;5.468444549151833
188.0;548057.4479414297;5924767.119298285;5.468367759499744
189.0;548058.7141968614;5924766.331003938;5.468332317710155
190.0;548061.0716198575;5924764.732647458;5.4682715590458235
191.0;548062.280723168;5924763.807708405;5.46824351625961
192.0;548064.4582684397;5924761.844750956;5.4681954418747045
193.0;548065.5792801472;5924760.924301258;5.468173253439309
194.0;548067.5810109435;5924759.184435261;5.468135215300889
195.0;548068.5947847646;5924758.218843625;5.468117659033065
196.0;548070.4331058323;5924756.225277974;5.4680875619246505
197.0;548071.4099208651;5924755.061015126;5.468073670790173
198.0;548073.2754118942;5924752.681470275;5.468049856903045
199.0;548074.328059858;5924751.385736064;5.4680388657505405
200.0;548076.3670371388;5924749.0451068375;5.4680200233683305
201.0;548077.4061849097;5924747.901961118;5.468011326783212
202.0;548079.2488782901;5924745.72227417;5.467996418029952
203.0;548080.1775266851;5924744.522121244;5.467989536986978
204.0;548081.8951632665;5924742.219929497;5.4679777406588235
205.0;548082.7855628867;5924741.0261953175;5.4679722961364305
206.0;548084.3065117099;5924738.809879555;5.467962962468115
207.0;548085.1195156295;5924737.668876793;5.4679586545711585
208.0;548086.7019360537;5924735.503440616;5.467951269445628
209.0;548087.5401621461;5924734.350667926;5.467947860886557
210.0;548089.0799970658;5924732.2523285;5.467942017516377
211.0;548089.9275760201;5924731.179848182;5.467939320544964
212.0;548091.4863037823;5924729.054720991;5.467934697065658
213.0;548092.293121515;5924727.993814685;5.467932563127344
214.0;548093.8488505468;5924726.017996755;5.467928904868457
215.0;548094.6532152534;5924725.00959614;5.467927216421665
216.0;548096.2496391273;5924723.095549276;5.467924321879006
217.0;548097.1804340684;5924722.12608698;5.467922985920722
218.0;548099.0565168192;5924720.487832293;5.467920695657111
219.0;548100.1328317551;5924719.719404274;5.467919638600089
220.0;548102.081230719;5924718.342222368;5.467917826463243
221.0;548103.0647382007;5924717.625025687;5.467806878049465
222.0;548104.8416565581;5924716.289756779;5.465940154418859
223.0;548105.6929620305;5924715.675535987;5.463870814501595
224.0;548107.1500372903;5924714.476120964;5.459449710205514
225.0;548107.888552864;5924713.823200762;5.4559755713871985
226.0;548109.2246637541;5924712.718214204;5.446609593831938
227.0;548110.1895083274;5924712.515411392;5.441273492322487
228.0;548111.882100799;5924712.164618329;5.436718884192265
229.0;548112.7371961051;5924711.8837994905;5.434410933327901
230.0;548114.2825901373;5924711.204885623;5.4258137589677276
231.0;548115.2308222383;5924710.847209807;5.418840204966055
232.0;548116.9092699643;5924710.059620788;5.397291522475846
233.0;548117.8399235598;5924709.67152858;5.382134334904895
234.0;548119.8818992894;5924708.5951159485;5.3345139600797005
235.0;548120.7939962018;5924708.101900898;5.306816224645681
236.0;548122.2253551807;5924707.085966037;5.25773592227584
237.0;548123.0611452813;5924706.572084696;5.232148139314785
238.0;548124.6905752651;5924705.653202014;5.177932978264372
239.0;548125.5291610588;5924705.185960765;5.146801535358318
240.0;548127.2178954483;5924703.98133338;5.087370163066813
241.0;548128.1785266801;5924703.388637214;5.052145048436382
242.0;548129.7492052976;5924702.055056349;4.983357936796745
243.0;548130.5358789657;5924701.323517342;4.948723161048114
244.0;548132.027584642;5924699.876684388;4.886158289121152
245.0;548132.9465087052;5924698.976245356;4.8539542476285495
246.0;548134.7581427299;5924697.01446851;4.792028127208807
247.0;548135.7340804768;5924695.817191118;4.760507339732209
248.0;548137.6161154984;5924693.296514557;4.7168628845295615
249.0;548138.5377923074;5924691.980101947;4.70567698108485
250.0;548140.1459413137;5924689.58190569;4.695908004982376
251.0;548140.8753974991;5924688.306100025;4.69630080189096
252.0;548142.2667089767;5924685.911973654;4.7001567185129325
253.0;548142.9695153759;5924684.631435074;4.7077728465956366
254.0;548144.1407965389;5924682.160238804;4.727760761421655
255.0;548144.7192346771;5924680.894993699;4.739345002624894
256.0;548145.7497638891;5924678.534255216;4.763390442770629
257.0;548146.3176460911;5924677.260121505;4.77757802156534
258.0;548147.4619929662;5924674.829242164;4.809081380485091
259.0;548148.0345901588;5924673.57815575;4.829320253151441
260.0;548149.0751853134;5924671.216598387;4.868512863413991
261.0;548149.6387944744;5924669.929630561;4.889934113266033
262.0;548150.4429848787;5924668.114415334;4.923620706659999
263.0;548150.8814797065;5924667.190050653;4.941847394666935
264.0;548151.7647366106;5924665.442987687;4.978603678750687
265.0;548152.3002615353;5924664.505168912;4.999223281139543
266.0;548153.4071839127;5924662.78199582;5.044118579495852
267.0;548154.0371268986;5924661.894421462;5.070005146988504
268.0;548155.1337123727;5924660.292495588;5.123921884898084
269.0;548155.7842950836;5924659.456347291;5.150221409786831
270.0;548157.314995996;5924657.781038497;5.207938129210172
271.0;548157.9897657781;5924657.060840403;5.233929434871483
272.0;548159.0769673394;5924655.7554345755;5.276465173699504
273.0;548159.5566113136;5924655.0843803305;5.295606729203557
274.0;548160.2076196788;5924653.8834945;5.326930167876991
275.0;548160.4955033445;5924653.105257498;5.341025930041769
276.0;548161.2918764218;5924651.785265489;5.3640923563645115
277.0;548161.8579362807;5924651.219286781;5.37447240496027
278.0;548162.8120169191;5924650.649016935;5.387818469640629
279.0;548163.3726877329;5924650.4470099015;5.393978263354589
280.0;548164.2779540425;5924650.1145273205;5.404538137530212
281.0;548164.6946769541;5924649.971721702;5.409411982227138
282.0;548165.3558807754;5924649.742946603;5.417767324815061
283.0;548165.6440447347;5924649.642074207;5.421623681575178
284.0;548166.0973575311;5924649.490829126;5.428234721498618
285.0;548166.2742281829;5924649.443999602;5.431286006138582
286.0;548166.5340703198;5924649.350145075;5.436516892653338
287.0;548166.6688567365;5924649.26153413;5.438931176012796
288.0;548166.9329429154;5924648.840127582;5.443070036774055
289.0;548166.9964028004;5924648.623854802;5.44498030239248
290.0;548167.1179104816;5924648.269778916;5.448255114100357
291.0;548167.164515153;5924648.103928765;5.449766583215465
292.0;548167.2377797713;5924647.837657261;5.452357729026029
293.0;548167.2695500355;5924647.717450244;5.453553656369268
294.0;548167.3201165757;5924647.495296548;5.455603861758315
295.0;548167.3395707773;5924647.392573818;5.456550121391417
296.0;548167.384960398;5924647.205663434;5.458172315758149
297.0;548167.3936325663;5924647.114933803;5.458921029547744
298.0;548167.4039023498;5924646.969280325;5.4602045665911625
299.0;548167.4014276707;5924646.904843539;5.460796975185084
300.0;548167.3932765517;5924646.797471562;5.461812554683825
301.0;548167.3851824446;5924646.749209959;5.462281289128188
302.0;548167.3609963215;5924646.655410308;5.463084851225248
303.0;548167.3457339319;5924646.601314444;5.463455730347506
304.0;548167.3112807219;5924646.502641774;5.464091536844813
305.0;548167.2938972776;5924646.4571585795;5.464384989406239
306.0;548167.262947811;5924646.375451682;5.464888061792924
307.0;548167.248054064;5924646.339372523;5.465120251745497
308.0;548167.2188711971;5924646.283147102;5.465518300251319
309.0;548167.2036075001;5924646.257392638;5.465702017080417
310.0;548167.1627215097;5924646.229366233;5.466016967010449
311.0;548167.1396254465;5924646.218837412;5.466162330205195
312.0;548167.1016948067;5924646.202648335;5.466411529629326
313.0;548167.0775669076;5924646.208975645;5.466526546084217
314.0;548167.0676462413;5924646.203817122;5.4667237214034206
315.0;548167.1861046865;5924646.165075273;5.466814726454038
316.0;548167.3769913346;5924646.093310504;5.466970738477896
317.0;548167.4817372239;5924646.047649728;5.467042744863814
318.0;548167.6537181172;5924645.966625165;5.4671661870455575
319.0;548167.7387315708;5924645.927116377;5.467223161022033
320.0;548167.9019455407;5924645.84437531;5.46732083280307
321.0;548167.9819830933;5924645.800013667;5.467365912610285
322.0;548168.1177974585;5924645.7084200075;5.467443193946991
323.0;548168.1755264523;5924645.651862778;5.4674788626705775
324.0;548168.2593747445;5924645.527240471;5.467540010373011
325.0;548168.2935152726;5924645.463044077;5.467568232717357
326.0;548168.344680346;5924645.356064168;5.4676166149228465
327.0;548168.3658012165;5924645.30676979;5.467638945430931
328.0;548168.3936253486;5924645.223608295;5.467677227127786
329.0;548168.4043422263;5924645.182056836;5.467694895808502
330.0;548168.4198796396;5924645.113331185;5.467725185628887
331.0;548168.4260111157;5924645.082036429;5.467739165708384
332.0;548168.4331406568;5924645.030601069;5.467763132075978
333.0;548168.4619701849;5924645.008990519;5.4677741936049005
334.0;548168.5401998983;5924644.978299163;5.467793156635
335.0;548168.5779730335;5924644.965183322;5.467801908904407
336.0;548168.651242132;5924644.951447665;5.467816913118506
337.0;548168.6928459887;5924644.948524946;5.467823838220841
338.0;548168.7678003897;5924644.948161153;5.467835710080958
339.0;548168.8137281188;5924644.948498655;5.467841189464661
340.0;548168.9181770659;5924644.950021262;5.467850582896512
341.0;548168.9731454592;5924644.950908567;5.467854918376959
342.0;548169.061097545;5924644.952328296;5.467862350789495
343.0;548169.1001880168;5924644.952959298;5.46786578117359
344.0;548169.1627346607;5924644.953968931;5.467871661958905
345.0;548169.1905336356;5924644.954417665;5.467874376199042
346.0;548169.2350133386;5924644.955135659;5.467879029282514
347.0;548169.2547824272;5924644.955454773;5.467881176884449
348.0;548169.2864139244;5924644.955965372;5.46788485856719
349.0;548169.3004726035;5924644.956192308;5.467886557825118
350.0;548169.3229671695;5924644.956555417;5.467889470901551
351.0;548169.3329649221;5924644.956716801;5.467890815413985
352.0;548169.3489618094;5924644.956975024;5.4678931203421675
353.0;548169.3560716565;5924644.957089792;5.467894184167532
354.0;548169.3674477552;5924644.957273426;5.467896007907501
355.0;548169.3725038839;5924644.957355042;5.467896849643418
356.0;548169.3826165232;5924644.957518281;5.4678986862085734
357.0;548171.7755434224;5924643.31179516;5.467899512675374
358.0;548175.9087666372;5924640.846427713;5.4679008651127265
359.0;548177.8518266553;5924639.816358161;5.467901473718726
360.0;548180.9521835655;5924638.289772806;5.467902469646797
361.0;548182.4362175433;5924637.5039125895;5.467902917821196
362.0;548184.8774474219;5924636.290000136;5.467903651217624
363.0;548186.0412891043;5924635.715474285;5.467903981250999
364.0;548188.0893654973;5924634.760223883;5.467904521320443
365.0;548189.0951892454;5924634.298251568;5.467904764355363
366.0;548190.8087191299;5924633.596505147;5.467905162059788
367.0;548191.5633034805;5924633.2649661675;5.467905341029481
368.0;548192.519503645;5924632.836029479;5.4679055711383375
369.0;548192.9346129458;5924632.557033174;5.4679056773436585
370.0;548193.6676285013;5924631.993405583;5.467905859413851
371.0;548194.0204903488;5924631.605603463;5.467905943447224
372.0;548194.5581991009;5924630.826413162;5.467906087507543
373.0;548194.8002930778;5924630.356650745;5.467906153997693
374.0;548195.0752940554;5924629.304612138;5.467906267983266
375.0;548195.2182514801;5924628.805105381;5.467906320592603
376.0;548195.4395701697;5924628.004459919;5.467906410781985
377.0;548195.5622853469;5924627.530198611;5.467906452408336
378.0;548195.7360873877;5924626.684578568;5.467906523769336
379.0;548195.777690494;5924626.198493278;5.4679065567055645
380.0;548195.7520484788;5924625.188180107;5.467906613168888
381.0;548195.7278363081;5924624.603419247;5.467906639229187
382.0;548195.7502780685;5924623.406300926;5.467906683904948
383.0;548195.98376696;5924622.638452102;5.467906704524769
384.0;548196.6775432999;5924620.99438728;5.467906739873798
385.0;548197.151122817;5924620.085640421;5.467906756188923
386.0;548197.9909822396;5924618.308489224;5.4679067841583135
387.0;548198.4090169373;5924617.401661993;5.467906797067413
388.0;548199.2431371481;5924615.881624974;5.467906819197775
389.0;548199.6021069806;5924615.180706468;5.467906829411906
390.0;548200.0625161777;5924613.866254223;5.467906846922224
391.0;548200.2789442751;5924613.080934537;5.467906855004003
392.0;548200.747370511;5924611.036964317;5.467906872637459
393.0;548201.0950428867;5924610.0121145835;5.4679068805726345
394.0;548202.0236840455;5924608.38631512;5.4679068935578234
395.0;548202.6334039032;5924607.611111999;5.467906899401247
396.0;548203.7674527215;5924606.4288052125;5.467906908963475
397.0;548204.2513095011;5924605.988498435;5.4679069132665425
398.0;548205.1587214303;5924605.088457202;5.467906920308119
399.0;548205.7103028473;5924604.626661258;5.4679069234768765
400.0;548206.7991124709;5924603.700760359;5.467906928662258
401.0;548207.4255894519;5924603.013149502;5.467906930995715
402.0;548208.7878587464;5924601.729852124;5.467906934814204
403.0;548209.6640680665;5924601.216525235;5.46790693653255
404.0;548211.394997433;5924600.462986499;5.467906939344466
405.0;548212.4586519647;5924600.147762556;5.467906940609848
406.0;548214.5794263036;5924599.669969395;5.4679069426805285
407.0;548215.7192859955;5924599.441486164;5.467906943612349
408.0;548216.6416231492;5924599.259791374;5.4679069442574635
409.0;548217.194214838;5924599.092716651;5.46790694456712
410.0;548218.7039363732;5924598.705887188;5.4679069451388
411.0;548219.5522876766;5924598.468584453;5.467906945413208
412.0;548221.193820937;5924597.806169419;5.467906945919814
413.0;548222.084962125;5924597.433616356;5.467906946162986
414.0;548223.8699733139;5924596.546519136;5.467906946611925
415.0;548224.8708815691;5924596.087050952;5.467906946827417
416.0;548226.9956731561;5924595.141344059;5.467906947225252
417.0;548228.1390940184;5924594.639197847;5.467906947416214
418.0;548230.4209936167;5924593.545563928;5.467906947768764
419.0;548231.6376161403;5924592.980144489;5.467906947937989
420.0;548234.0452524672;5924591.865075256;5.467906948250407
421.0;548235.2852152275;5924591.332653836;5.467906948400369
422.0;548237.612377796;5924590.422466271;5.467906948677225
423.0;548238.9043118529;5924590.02317099;5.467906948810117
424.0;548241.4296976393;5924589.333183353;5.467906949055458
425.0;548242.6962687632;5924589.017587769;5.467906949173223
426.0;548245.07074417;5924588.445039946;5.4679069493906365
427.0;548246.2866131021;5924588.173662604;5.467906949494996
428.0;548248.6683524178;5924587.668606367;5.467906949687661
429.0;548249.9026610755;5924587.419000513;5.467906949780141
430.0;548252.2322612945;5924586.989607054;5.4679069499508755
431.0;548255.2176821819;5924586.642959424;5.4679069501557604
432.0;548260.0422503093;5924586.3837584555;5.467906950491035
433.0;548262.2651909541;5924586.336709302;5.467906950641911
434.0;548265.9340211498;5924586.4480938725;5.467906950888806
435.0;548268.3042664338;5924586.839262807;5.467906951047527
436.0;548271.7535380718;5924587.496920418;5.467906951285618
437.0;548273.3628644653;5924587.998619807;5.4679069513876595
438.0;548275.8382341125;5924589.01247932;5.467906951540727
439.0;548276.6793265516;5924589.456566358;5.467906951586648
440.0;548278.2179384847;5924590.449275488;5.467906951661793
441.0;548279.1278121198;5924591.096280337;5.46790695169561
442.0;548280.6994840188;5924592.351223079;5.467906951750947
443.0;548281.5438679865;5924593.014291778;5.4679069517758485
444.0;548282.8511688836;5924594.337247653;5.467906951816598
445.0;548283.3948769078;5924595.04646562;5.4679069518349355
446.0;548284.4683045368;5924596.252021811;5.4679069518649435
447.0;548285.0196423377;5924596.939041651;5.467906951878447
448.0;548286.1697136457;5924598.29051598;5.467906951900545
449.0;548286.7217135276;5924599.132237544;5.467906951910489
450.0;548287.6156054788;5924600.462009547;5.467906951926762
451.0;548287.9759120794;5924601.109245269;5.467906951934085
452.0;548288.5368863189;5924602.236368404;5.467906951946068
453.0;548288.8173467781;5924602.7824552;5.46790695195146
454.0;548289.172275497;5924603.877671926;5.467906951960284
455.0;548289.3582380632;5924604.554004062;5.467906951964255
456.0;548289.6379259083;5924605.877258259;5.467906951970753
457.0;548289.7769626186;5924606.650378476;5.467906951973677
458.0;548289.9222455152;5924608.095083429;5.467906951978462
459.0;548290.0642857681;5924608.90879541;5.467906951980616
460.0;548290.4027931956;5924610.5281189345;5.467906951984141
461.0;548290.6021543002;5924611.532103919;5.467906951985726
462.0;548290.5288743961;5924613.679849666;5.467906951988321
463.0;548290.5309511191;5924614.808543065;5.467906951989489
464.0;548290.3762807692;5924616.792894771;5.4679069519914
465.0;548290.300819447;5924617.84810593;5.467906951992259
466.0;548290.2529192537;5924619.864121037;5.467906951993666
467.0;548290.3845814324;5924620.9582282;5.4679069519942995
468.0;548291.0970077944;5924623.179851372;5.467906951995336
469.0;548291.5533873765;5924624.476013407;5.467906951995802
470.0;548292.4173277416;5924626.878550364;5.467906951996565
471.0;548292.9300048123;5924628.028239915;5.467906951996909
472.0;548293.9428178975;5924629.750598787;5.467906951997471
473.0;548294.5640301892;5924630.505457861;5.467906951997724
474.0;548296.0409778609;5924631.704259425;5.467906951998138
475.0;548296.9905012675;5924632.227152965;5.467906951998325
476.0;548298.9110848948;5924633.285526815;5.467906951998629
477.0;548300.0873661365;5924633.894817717;5.467906951998766
478.0;548302.2942247023;5924634.9306691475;5.467338354989734
479.0;548303.4495975511;5924635.525186754;5.462815183028918
480.0;548305.671508612;5924636.729027525;5.4492180832636326
481.0;548306.9933518142;5924637.279414802;5.439410584577921
482.0;548309.5529652162;5924638.124264357;5.413600139230294
483.0;548310.9493625794;5924638.532633678;5.3969181800984805
484.0;548313.5778062178;5924639.1375885885;5.362167315636093
485.0;548314.9547882488;5924639.390518269;5.341848274355004
486.0;548317.4135520847;5924639.732780409;5.301233346670077
487.0;548318.7362663492;5924639.887934431;5.279004915830345
488.0;548321.1874016833;5924640.020592277;5.233257259964076
489.0;548322.54871017;5924640.042479273;5.205737113101872
490.0;548325.0740797968;5924639.9578749025;5.14724084548474
491.0;548326.3619109418;5924639.900352232;5.113930471440392
492.0;548328.7894511876;5924639.744313816;5.050601726563764
493.0;548330.0792809773;5924639.664252891;5.015929187371644
494.0;548332.4039145609;5924639.573168714;4.949501127500436
495.0;548333.749428487;5924639.516085187;4.9150546770822325
496.0;548336.2671789887;5924639.323476208;4.846050719212505
497.0;548337.4806870021;5924639.239599339;4.809088475396778
498.0;548339.4711898643;5924639.213692914;4.7472171366132585
499.0;548340.4541306699;5924639.226324225;4.719298384268878
500.0;548342.2529833369;5924639.039997401;4.673598038658404
501.0;548343.0751003476;5924638.847352827;4.6530318102754125
502.0;548344.32263928;5924638.477589148;4.619376919438567
503.0;548344.825524099;5924638.280172928;4.604231982157393
504.0;548345.5699659004;5924638.002570012;4.579448675777344
505.0;548345.8971406677;5924638.01685406;4.568296019388557
506.0;548346.4515290336;5924638.005834725;4.550045716933638
507.0;548346.6589188877;5924638.0483210245;4.541832956806918
508.0;548347.1114965063;5924638.176074518;4.5283935257801495
509.0;548347.304130278;5924638.2544929115;4.522345690488922
510.0;548347.723427458;5924638.498887271;4.5124489610089915
511.0;548347.871146564;5924638.674976913;4.5079953654886715
512.0;548348.3482766253;5924639.062712839;4.500707463627064
513.0;548348.5855359047;5924639.338561816;4.497427858263574
514.0;548348.9657971093;5924640.0791095365;4.492061083951704
515.0;548349.1432804446;5924640.580991317;4.489645999040837
516.0;548349.4392543705;5924641.738250751;4.485693933403636
517.0;548349.6095063682;5924642.493079759;4.483915477010184
518.0;548349.855836851;5924644.146465459;4.48100519573262
519.0;548349.9639154088;5924645.05438796;4.479695549380569
520.0;548349.9488791866;5924646.735738923;4.47755243287086
521.0;548349.6381764489;5924647.978938193;4.4765880158777
522.0;548348.7192653692;5924650.670752803;4.482661242137936
523.0;548348.1610348445;5924652.109745721;4.494825024992016
524.0;548347.3114564153;5924654.666734167;4.528105574584316
525.0;548347.0376117325;5924656.15495605;4.548216438541064
526.0;548346.9453294016;5924658.996922409;4.593503907752093
527.0;548347.0215485533;5924660.586563198;4.618086364365119
528.0;548347.4005006925;5924663.642133584;4.666543494831382
529.0;548347.6902503811;5924665.3010312095;4.691640050954548
530.0;548348.3572870046;5924668.447090196;4.737013981406087
531.0;548348.7272599014;5924670.004953481;4.75918973949805
532.0;548349.307848491;5924672.638849497;4.7961879226885955
533.0;548349.6473464492;5924674.00190967;4.814444468293799
534.0;548350.3117572218;5924676.730384041;4.844362807311053
535.0;548350.6518073408;5924678.208469427;4.858979642402591
536.0;548351.1321770184;5924680.715175867;4.885282989207885
537.0;548351.2826256832;5924682.153660742;4.8994120715103415
538.0;548351.6248460121;5924685.124206652;4.932248355544174
539.0;548351.8635080616;5924686.613286043;4.9503960768563875
540.0;548352.6440952469;5924689.370273803;4.9809682524290855
541.0;548353.2026636719;5924690.702269271;4.993230012635916
542.0;548354.5451366559;5924693.007807003;5.008892673395546
543.0;548355.3853550697;5924694.066004942;5.013237204900565
544.0;548356.9537574233;5924695.427896665;5.013863854390522
545.0;548357.8117289487;5924695.953720976;5.008214842025957
546.0;548359.4327913148;5924696.70779868;4.9954544566837376
547.0;548360.2624118514;5924697.080672139;4.989074603633574
548.0;548361.9265635633;5924697.785019497;4.980307432543962
549.0;548362.9220412245;5924698.167804165;4.978091579992065
550.0;548364.577389644;5924698.96976866;4.977672903185374
551.0;548365.4075159031;5924699.383839356;4.980296572429508
552.0;548366.9441747259;5924700.014343894;4.987662131618702
553.0;548367.7919819574;5924700.214826216;4.991220141113932
554.0;548369.4927898482;5924700.428445565;4.994429149999595
555.0;548370.4527682632;5924700.450050832;4.99466465098781
556.0;548372.2419940262;5924700.425399668;4.992148951863543
557.0;548373.2010378125;5924700.317791204;4.99015153728725
558.0;548374.9679805089;5924700.0754589;4.983056885218093
559.0;548375.9372554558;5924700.041467658;4.978399481780626
560.0;548377.9743144115;5924700.176659647;4.966595850799068
561.0;548378.9944963639;5924700.262644418;4.957159307135619
562.0;548380.8909982479;5924700.569193268;4.937028926327107
563.0;548381.8764031425;5924700.784024499;4.925331642914903
564.0;548383.4662772986;5924701.368021641;4.90169212705503
565.0;548384.3465750096;5924701.635601616;4.891265072006941
566.0;548386.0224650109;5924702.234746294;4.867223219303014
567.0;548386.9599327116;5924702.568780494;4.8528038888031215
568.0;548388.6752613821;5924703.267971236;4.821003687952692
569.0;548389.4882501378;5924703.703986897;4.802965924344159
570.0;548390.864273002;5924704.71284439;4.770654566197172
571.0;548391.7081723298;5924705.317389542;4.75458470536569
572.0;548393.2847193532;5924706.539187761;4.716886216557253
573.0;548394.0871403231;5924707.212079015;4.6946373317091314
574.0;548395.4957337596;5924708.439924865;4.653899754388779
575.0;548396.1889210417;5924709.13441556;4.635329458624132
576.0;548397.453021555;5924710.424062216;4.604897574355065
577.0;548398.1393922345;5924711.0979266595;4.591200638554315
578.0;548399.6591619102;5924712.410247658;4.568786422618242
579.0;548400.6958182633;5924713.275714439;4.559789064274086
580.0;548402.8039904701;5924715.05603619;4.556344836384689
581.0;548404.0652912864;5924716.039158546;4.560965685930675
582.0;548406.4489726543;5924717.999513866;4.577672030210636
583.0;548407.620001661;5924718.986626169;4.591291443292538
584.0;548409.7232028447;5924720.8196552815;4.6200759876896145
585.0;548410.7924650044;5924721.773682274;4.637448578951293
586.0;548412.6616140754;5924723.438605357;4.672862931051566
587.0;548413.5364885677;5924724.382873833;4.691874093444847
588.0;548415.0891676274;5924726.252338864;4.732064588705635
589.0;548415.8390630423;5924727.240198853;4.755900068760391
590.0;548417.3772422429;5924729.190173037;4.80283498126045
591.0;548418.310491545;5924730.254684437;4.829795339292717
592.0;548420.0653427757;5924732.099608493;4.88335374593551
593.0;548420.9722250685;5924733.070519028;4.910820015531334
594.0;548422.723131391;5924734.845208508;4.963001873690077
595.0;548423.7030866565;5924735.70589182;4.990541352759025
596.0;548425.5440303348;5924737.244948561;5.039967433962577
597.0;548426.6748263666;5924737.993556129;5.065293359094322
598.0;548428.9908437523;5924739.3723236555;5.110468913488999
599.0;548430.2244702975;5924740.231738402;5.072522275455067
600.0;548432.3223749921;5924741.982613115;4.999830314711184
601.0;548433.3315118287;5924742.9108510865;4.966535679004869
602.0;548435.1235502536;5924744.40511853;4.911946094279614
603.0;548436.0658367315;5924745.115493581;4.887374582575667
604.0;548437.9771862449;5924746.401733289;4.847164490823664
605.0;548438.8654980173;5924747.091165791;4.829069617990933
606.0;548440.4233828713;5924748.530930779;4.799459002531824
607.0;548441.1797111918;5924749.378853362;4.786134023753001
608.0;548442.4092728018;5924750.946840628;4.764328914147821
609.0;548443.0016846062;5924751.846936559;4.754516466646387
610.0;548444.0532054151;5924753.555901492;4.738459293495762
611.0;548444.5908108389;5924754.529192629;4.731233456459633
612.0;548445.6820874462;5924756.297751373;4.719409034832882
613.0;548446.2872467941;5924757.231465748;4.714087964746642
614.0;548447.4807242207;5924758.9662529165;4.705380520074057
615.0;548448.121020458;5924759.841701336;4.701462110798962
616.0;548449.1943991849;5924761.481754945;4.695049992293767
617.0;548449.7260098576;5924762.357972036;4.692164495392149
618.0;548450.5870573132;5924764.026207674;4.687442643543452
619.0;548451.0597357803;5924764.921029313;4.6853177781236575
620.0;548451.955242418;5924766.541392122;4.68184063014784
621.0;548452.3684012716;5924767.457685807;4.6802758899293675
622.0;548453.2135267778;5924769.250827458;4.677715335631361
623.0;548453.6762337099;5924770.219491215;4.67656306879672
624.0;548454.4559121128;5924771.988803309;4.674677489477508
625.0;548454.7981928407;5924772.929621622;4.673828965970194
626.0;548455.4362520358;5924774.7384957615;4.672440434833867
627.0;548455.6223465019;5924775.768872683;4.671815586386598
628.0;548455.8118241283;5924777.792496687;4.670793079034664
629.0;548455.8357531241;5924778.946367974;4.670332943777728
630.0;548455.948041699;5924780.984229799;4.669579974501485
631.0;548455.9190323441;5924782.061837312;4.669241133210288
632.0;548455.6463074287;5924783.9546367;4.668686650418655
633.0;548455.3865334333;5924784.928875041;4.66843712939437
634.0;548454.7152097195;5924786.687771229;4.668028811052683
635.0;548454.3026445044;5924787.683790098;4.66784506502415
636.0;548453.4157979685;5924789.522500259;4.667544381448981
637.0;548452.7959064821;5924790.550277719;4.6674090717968255
638.0;548451.5383707944;5924792.509439744;4.667187649922895
639.0;548450.8420593353;5924793.507204298;4.667088008574929
640.0;548449.5142377786;5924795.18873689;4.666924954619529
641.0;548448.7032103939;5924796.112100647;4.6668515792315475
642.0;548447.2231736179;5924797.774288228;4.666731507118078
643.0;548446.3609065901;5924798.725420795;4.666677473851053
644.0;548444.7861853181;5924800.302815543;4.666589053350012
645.0;548443.9572589924;5924800.986338498;4.666549263523671
646.0;548442.4084257757;5924802.064715761;4.666484151110985
647.0;548441.5365504214;5924802.563534805;4.666454850082797
648.0;548439.920817669;5924803.436296801;4.66640690162926
649.0;548438.9290229067;5924803.860839167;4.66638532449933
650.0;548436.956749551;5924804.5419452805;4.666350015499068
651.0;548435.8910059966;5924804.9072449375;4.666334126209004
652.0;548434.1239131585;5924805.434301645;4.6663081248386264
653.0;548433.236367628;5924805.708598153;4.666296424045261
654.0;548431.7272385837;5924806.181928455;4.666277276766762
655.0;548431.1769126713;5924806.357023295;4.666270648785675
656.0;548430.2294036879;5924806.630713547;4.666259286287258
657.0;548429.7589458389;5924806.7700208565;4.6662540419963
658.0;548428.9124582295;5924807.024889085;4.6662450515892795
659.0;548428.4619886824;5924807.157059302;4.666240902122453
660.0;548427.6531990352;5924807.419255693;4.666233788597291
661.0;548427.2537505579;5924807.545886755;4.666230505393693
662.0;548426.4412013708;5924807.783217045;4.666224876923244
663.0;548425.9955470442;5924807.894879735;4.666222279137475
664.0;548425.2281279878;5924808.036055635;4.666217825694369
665.0;548424.7965561994;5924808.0705589615;4.666215770235213
666.0;548423.9751047109;5924808.068135999;4.666212246514927
667.0;548423.6689283437;5924808.049643894;4.6662111337523084
668.0;548422.9603040315;5924808.003190034;4.666209130749348
669.0;548422.434795966;5924808.051600192;4.66620818195093
670.0;548421.3373679214;5924808.159438056;4.666206474087988
671.0;548420.555270317;5924808.249973723;4.670579670079026
672.0;548419.1547966367;5924808.580203712;4.6826995211997735
673.0;548418.425905681;5924808.810926543;4.693116022108958
674.0;548417.251542716;5924809.462131609;4.720869668878057
675.0;548416.6928599905;5924809.905815262;4.736894104205679
676.0;548415.5921093652;5924810.743105402;4.771577191318539
677.0;548414.9763505945;5924811.217033095;4.792330771062019
678.0;548413.4915722705;5924812.365822214;4.837952576520156
679.0;548413.0365509801;5924812.71946167;4.8543096648760375
680.0;548411.8465399551;5924813.454275836;4.891915695836297
681.0;548411.1173374549;5924813.825500094;4.915248770190395
682.0;548409.6783687425;5924814.589071672;4.966520966378113
683.0;548408.9051238245;5924814.978306691;4.993198215508605
684.0;548407.2880420472;5924815.749392392;5.044708623691968
685.0;548406.4352171608;5924816.176299865;5.069551263895359
686.0;548402.5815320225;5924818.127831134;5.178011896518805
687.0;548400.6970976692;5924819.14984364;5.22682285565664
688.0;548397.4975700914;5924821.0640236195;5.3066980614494055
689.0;548395.8191285469;5924822.167163711;5.342642476153216
690.0;548392.8478157519;5924824.323751392;5.401462229749703
691.0;548391.4023146346;5924825.350834758;5.427931518884409
692.0;548388.8864620605;5924827.159686136;5.471246090376163
693.0;548387.6645902571;5924828.0785521725;5.490737941896551
694.0;548385.3180367328;5924829.707242309;5.522634574703342
695.0;548384.1197633261;5924830.5102531435;5.536988276223595
696.0;548382.0333436778;5924831.944089518;5.560476796353707
697.0;548380.9167755621;5924832.678383039;5.571046790031168
698.0;548378.74494591;5924834.028429107;5.5883436182338375
699.0;548377.6165061261;5924834.853566348;5.596127308467603
700.0;548375.6033000632;5924836.307200073;5.60886460584587
701.0;548374.569203941;5924837.098813017;5.614596476223843
702.0;548372.846890364;5924838.530662498;5.62397615801298
703.0;548371.9724402261;5924839.226207542;5.628197078558787
704.0;548370.3738751594;5924840.523891801;5.635104229098868
705.0;548369.4666161453;5924841.1343601765;5.638212493780232
706.0;548367.8948327738;5924842.262649402;5.643298884732065
707.0;548367.0859470086;5924842.90073246;5.645587795225539
708.0;548365.6486916477;5924844.2371826125;5.649333387965231
709.0;548364.9246740944;5924844.944256634;5.651018930151694
710.0;548363.6815140026;5924846.079228565;5.653777165824983
711.0;548363.0158938955;5924846.842093503;5.655018390621867
712.0;548361.8684534836;5924848.310309362;5.657049541512561
713.0;548361.27638295;5924849.226022813;5.65796357321629
714.0;548360.2100001947;5924850.991637956;5.659459302526413
715.0;548359.5929311129;5924851.827920288;5.660132390880367
716.0;548358.2439777566;5924853.145648605;5.661233838428854
717.0;548357.452092409;5924853.862848456;5.661729497310684
718.0;548356.0505587454;5924855.183474273;5.662540597751023
719.0;548355.3624271126;5924855.947863239;5.6629055984611005
720.0;548353.8844369282;5924857.435914195;5.663502888749885
721.0;548353.1316948592;5924858.24344502;5.6637716734387915
722.0;548351.8800909409;5924859.532799562;5.664211515006289
723.0;548351.2961780874;5924860.26115092;5.664409446700656
724.0;548350.3301503483;5924861.683758303;5.66473334382092
725.0;548349.8122577961;5924862.52776226;5.664879099726119
726.0;548349.018877587;5924864.099298413;5.665117615938017
727.0;548348.5974795559;5924864.905968195;5.6652249498542355
728.0;548347.6210172251;5924866.370872167;5.665400591994222
729.0;548347.0616763451;5924867.0980193;5.665479632150812
730.0;548345.9006620141;5924868.380174565;5.665608974140161
731.0;548345.2968057543;5924869.103409925;5.665667178914326
732.0;548344.0181771754;5924870.543267474;5.665762425705387
733.0;548343.2634223334;5924871.4176109675;5.6658052874086255
734.0;548341.985997231;5924873.203829275;5.665875426666982
735.0;548341.3768665614;5924874.143711027;5.665906989809883
736.0;548340.28970227;5924875.726751395;5.665958640007313
737.0;548339.7741179123;5924876.646424737;5.665981882947151
738.0;548338.6334737537;5924878.4285657555;5.666019917893016
739.0;548338.0000124141;5924879.414324026;5.666037033877126
740.0;548336.8135753687;5924881.184853182;5.666065042620149
741.0;548336.0876659148;5924882.15630943;5.666077646744846
742.0;548334.619867946;5924883.826611107;5.666098272242475
743.0;548333.7366937044;5924884.824980764;5.666107553856571
744.0;548332.0980624817;5924886.84530732;5.666122742369389
745.0;548331.2737497778;5924887.852486938;5.666129577303372
746.0;548329.9209440247;5924889.654149276;5.6661407620478945
747.0;548329.1923843618;5924890.656495633;5.666145795258937
748.0;548327.873559808;5924892.548519888;5.666154031648604
749.0;548327.1526384092;5924893.433938628;5.666157738079926
750.0;548325.911732936;5924894.8155557485;5.666163803315892
751.0;548325.3203501973;5924895.545820708;5.668954964379686
752.0;548324.5045212121;5924896.89729911;5.6777356174372375
753.0;548324.042708278;5924897.693888729;5.680577512992519
754.0;548323.2587033092;5924898.876868287;5.68943889296055
755.0;548322.8917722806;5924899.486137834;5.698079809433426
756.0;548322.1299723327;5924900.492811306;5.714844660028677
757.0;548321.7078494651;5924901.124784086;5.725960448766642
758.0;548320.7592490322;5924902.385265781;5.750767534897423
759.0;548320.2431124548;5924903.130179157;5.76760722887096
760.0;548319.2630222532;5924904.63065609;5.803291087616672
761.0;548318.7892166557;5924905.421131889;5.822963963081859
762.0;548317.870902541;5924906.936824637;5.8596026174772895
763.0;548317.3652918051;5924907.717142283;5.879628843844194
764.0;548316.3954547422;5924909.101769065;5.9205870012225255
765.0;548315.8731900046;5924909.788546903;5.9428408998815065
766.0;548314.7265097983;5924911.099177155;5.987292200610834
767.0;548314.1011156389;5924911.794471675;6.013945614722237
768.0;548312.864530045;5924913.086566979;6.067969133131987
769.0;548312.0490360833;5924913.7587418;6.097746123110743
770.0;548310.064102938;5924915.150148772;6.1663158801962075
771.0;548308.9634212953;5924915.943458693;6.204082596964737
772.0;548306.8586668414;5924917.492518812;6.269963290905889
773.0;548305.7288860813;5924918.369370405;6.300431305946543
774.0;548303.5123926001;5924920.083252745;6.352674679206725
775.0;548302.3567076634;5924920.972294318;6.376787897263004
776.0;548300.2674849533;5924922.623078552;6.418125847985674
777.0;548299.1684724969;5924923.50904548;6.437205129871364
778.0;548296.9366466508;5924925.216162792;6.469913177002283
779.0;548295.6321309613;5924926.099883669;6.48500937419335
780.0;548293.0860201295;5924927.668725625;6.510889127683592
781.0;548291.7294570648;5924928.5089416485;6.522833768046579
782.0;548289.3062179865;5924930.070350083;6.543310736134052
783.0;548288.1113000719;5924930.878071033;6.552761754267646
784.0;548285.8080316932;5924932.33667806;6.5689638491683375
785.0;548284.5182648961;5924932.885585367;6.5764418259886614
786.0;548282.2114116881;5924933.972750903;6.589261491382954
787.0;548281.048679045;5924934.613745171;6.595178328758024
788.0;548278.9095840051;5924935.693927659;6.605321697367389
789.0;548277.8163542014;5924936.246355627;6.610003306492984
790.0;548275.8086734882;5924937.256231522;6.618029095277709
791.0;548274.820049716;5924937.744633053;6.6217333485156304
792.0;548273.1431152169;5924938.617241111;6.628083633918603
793.0;548272.3873324525;5924939.052183849;6.631014568920339
794.0;548271.0286982409;5924939.877193086;6.636039137318645
795.0;548270.3184343027;5924940.323128074;6.638358195825892
796.0;548268.9568547318;5924941.196101618;6.642333810461643
797.0;548268.2586556016;5924941.640623913;6.644168730839219
798.0;548266.9567085202;5924942.499733846;6.64731437649056
799.0;548266.3044253951;5924942.924201438;6.648766229810138
800.0;548265.1379244486;5924943.648618551;6.6512551749092985
801.0;548264.6105552589;5924944.068885897;6.652403932145487
802.0;548263.7449860146;5924944.889291978;6.6543732727493765
803.0;548263.2865830925;5924945.272206677;6.655282209740394
804.0;548262.441958612;5924945.929811092;6.656840421054671
805.0;548261.7114841614;5924946.3167333715;6.657775361961985
806.0;548259.9956551653;5924946.750644869;6.659305307271976
807.0;548259.0427863369;5924946.720802592;6.659993793058389
808.0;548257.1360637384;5924946.597469255;6.661120437097255
809.0;548256.1943937076;5924946.328479689;6.661627434570982
810.0;548254.6486120985;5924945.769544804;6.662457089580233
811.0;548253.9648270106;5924945.310149287;6.662830439972411
812.0;548252.7380176921;5924944.364780509;6.663441393752513
813.0;548252.1506344095;5924943.970904867;6.663716327105365
814.0;548251.0059754129;5924943.2099555535;6.664166230399215
815.0;548250.3592487016;5924942.7627264215;6.664368689938817
816.0;548249.0816140117;5924941.674327606;6.66469999646381
817.0;548248.3940014933;5924941.0109596485;6.664849086651488
818.0;548247.2530027783;5924939.682681304;6.6650930591118
819.0;548246.621042707;5924938.977501944;6.665202848376882
820.0;548245.3500459145;5924937.773725997;6.665382508470785
821.0;548244.6883095996;5924937.192095954;6.665463356733941
822.0;548243.4533940175;5924936.222310379;6.6655956575243644
823.0;548242.7440484519;5924935.645921777;6.66565519377912
824.0;548241.6482384524;5924934.55737621;6.665752619416425
825.0;548241.0517162376;5924933.94572928;6.66579646161528
826.0;548239.9552134298;5924932.6818592325;6.665868205365063
827.0;548239.2277020317;5924932.104031261;6.665900490540009
828.0;548237.7277500337;5924931.073174245;6.665953322276864
829.0;548236.9290633157;5924930.831293286;6.665977096917473
830.0;548235.5712886214;5924930.870657039;6.666016001943033
831.0;548234.869998186;5924930.912215238;6.666033509468919
832.0;548233.5827189628;5924931.207722325;6.666062158934258
833.0;548232.996566726;5924931.3782001;6.6660750513883515
834.0;548232.0457867818;5924932.006709233;6.6660961487106745
835.0;548231.5808695612;5924932.383875395;6.666105642649089
836.0;548230.849205575;5924933.136469846;6.666121178611241
837.0;548230.4217758311;5924933.911419439;6.666128169899785
838.0;548229.90306743;5924935.300410749;6.666139610504252
839.0;548229.4003635256;5924936.176046598;6.666144758854007
840.0;548228.2620481751;5924938.172028311;6.666153183657651
841.0;548227.5410315467;5924939.318143203;6.666156974876543
842.0;548225.9924378127;5924941.484840569;6.666163178859615
843.0;548225.1539649247;5924942.660376761;6.666165970694157
844.0;548223.5933087411;5924945.304518474;6.666170539276119
845.0;548222.9469670653;5924946.45198681;6.666172120726707
846.0;548221.8331555756;5924948.591327132;6.666174831843345
847.0;548221.2596819611;5924949.82293435;6.666176083142482
848.0;548220.1111746645;5924952.454684575;6.666178228272995
849.0;548218.993751311;5924954.046210015;6.666179515370739
850.0;548216.8013975659;5924957.170625445;6.666181621588514
851.0;548215.4882437203;5924958.836600198;6.648339421433311
852.0;548213.1980323824;5924961.954541514;6.615898043337124
853.0;548211.8152680988;5924963.431839563;6.601120771289084
854.0;548209.1085706695;5924965.977394177;6.576906674182323
855.0;548207.5736125484;5924967.221406888;6.566008381677165
856.0;548204.9102280741;5924969.483197841;6.548173997955094
857.0;548203.5502104015;5924970.740523012;6.540148386286997
858.0;548201.27275726;5924972.966527353;6.5270152033288245
859.0;548200.0330067482;5924974.123032479;6.521105181549635
860.0;548197.8838949456;5924976.352182359;6.5105476838938605
861.0;548196.8221131705;5924977.475371586;6.50423620502853
862.0;548194.620753273;5924979.511124349;6.491948478005115
863.0;548193.4722063921;5924980.558876965;6.48444475029194
864.0;548191.3093225525;5924982.476235001;6.471455247759606
865.0;548190.1235786686;5924983.59904216;6.465943956437608
866.0;548188.0638633773;5924985.449828726;6.46107350585259
867.0;548186.9548908564;5924986.428264514;6.460005186284811
868.0;548185.0206707834;5924988.146026418;6.4611232220735335
869.0;548183.9447986396;5924989.022265136;6.461783987147888
870.0;548181.9696269822;5924990.639202005;6.462893931234152
871.0;548180.8263966098;5924991.60998404;6.463394990001443
872.0;548178.671441138;5924993.406876407;6.46200948139502
873.0;548177.59622585;5924994.365993229;6.454749658088745
874.0;548175.6522139987;5924995.995756373;6.435669325167122
875.0;548174.7470893423;5924996.721320216;6.422544378434264
876.0;548172.9690481921;5924998.067693794;6.397382791840158
877.0;548171.9935212359;5924998.839295561;6.38126117617945
878.0;548170.0827271293;5925000.297004596;6.348479681249724
879.0;548169.1600680848;5925001.174015912;6.329902182378107
880.0;548167.6230323504;5925002.672417306;6.300538860835106
881.0;548166.5523792901;5925003.7063627085;6.281397784822714
882.0;548164.7501787291;5925005.24734468;6.251373841599845
883.0;548163.9075420495;5925005.986890377;6.236179817358201
884.0;548162.6969518444;5925007.329593406;6.212938751666345
885.0;548162.2606374198;5925007.882357068;6.2077608581346615
886.0;548161.492854306;5925009.129225757;6.202332147318116
887.0;548161.216243514;5925009.917782218;6.2032254142638585
888.0;548160.842186495;5925011.370851364;6.2137727817508175
889.0;548160.7151632512;5925012.1306201015;6.221684753695455
890.0;548160.8281030479;5925013.589624095;6.239559086776735
891.0;548161.0554033216;5925014.378686766;6.251583774074299
892.0;548161.637969289;5925015.974729274;6.27743247039472
893.0;548161.9602335987;5925016.85306755;6.292697029532276
894.0;548162.5440334409;5925018.388021674;6.322547031314471
895.0;548162.9354261253;5925019.217038597;6.3369709164335015
896.0;548163.7182998888;5925020.6211302485;6.360754502790382
897.0;548164.248655207;5925021.296712356;6.371467190027733
898.0;548165.2523451914;5925022.372593602;6.388999325335144
899.0;548165.813561457;5925022.942142617;6.396889004551616
900.0;548167.0336323744;5925024.107945919;6.409799761206926
901.0;548167.8399812652;5925024.788305245;6.415609690438196
902.0;548169.4472491997;5925026.095498353;6.425117108585361
903.0;548170.354568056;5925026.786686605;6.429395511360327
904.0;548171.9105493486;5925027.960935892;6.436396726312632
905.0;548172.7166965749;5925028.550319611;6.439547320618721
906.0;548174.0882440396;5925029.542321483;6.444702980131077
907.0;548174.7725638702;5925029.994043126;6.447023061947508
908.0;548176.039134243;5925030.664082831;6.4508196637071205
909.0;548176.6192186042;5925031.164265368;6.4525281602991855
910.0;548177.6430829911;5925032.106920879;6.4553239587584414
911.0;548178.1179697567;5925032.589163735;6.456582087064273
912.0;548178.9528303493;5925033.507094125;6.458640899001813
913.0;548179.4220599979;5925033.9709256245;6.459567378364597
914.0;548180.2817893912;5925034.8268129;6.461083477130632
915.0;548180.7625490954;5925035.272485676;6.461765731878169
916.0;548181.5911897413;5925036.171004951;6.462882179391641
917.0;548182.0660799829;5925036.617066763;6.463384588359649
918.0;548182.8433699659;5925037.605846478;6.464206734698832
919.0;548183.2879675364;5925038.33620072;6.464576706138454
920.0;548184.4155006208;5925040.23410421;6.465182130571646
921.0;548184.9753912289;5925041.580994869;6.4654545756808135
922.0;548185.8618330387;5925044.268250672;6.465900407191382
923.0;548186.3278856667;5925045.805583059;6.466101034400837
924.0;548187.1105115658;5925048.47935603;6.466429342485081
925.0;548187.4517316849;5925049.951290856;6.4665770833540455
926.0;548187.959986713;5925052.68988786;6.466818847777656
927.0;548188.1755830722;5925054.190794582;6.466927643411219
928.0;548188.5980401878;5925056.635705532;6.4671056775179885
929.0;548188.806549807;5925057.890901591;6.467185794075886
930.0;548189.1592072531;5925059.945771316;6.467316897497555
931.0;548189.3254470648;5925061.059899509;6.467375894928234
932.0;548189.6355659771;5925062.895584669;6.467472438829206
933.0;548189.9517363763;5925063.892218491;6.467515884240718
934.0;548190.5013664047;5925065.456688055;6.467586978684295
935.0;548190.8451858913;5925066.223486011;6.467618971667036
936.0;548191.4418117534;5925067.484406375;6.467671325258062
937.0;548191.6644398222;5925068.010150054;6.467689447865472
938.0;548192.1109596135;5925069.02760888;6.467720515862691
939.0;548192.3523927651;5925069.586558486;6.4677348551049
940.0;548192.7927456647;5925070.657446665;6.4677594371932825
941.0;548193.0533932047;5925071.318979525;6.4677707829043305
942.0;548193.4665658523;5925072.847995714;6.467790233114299
943.0;548193.6788340945;5925073.726989365;6.4677992102385655
944.0;548194.2499149387;5925075.340694124;6.467814599926453
945.0;548194.5289334639;5925076.179421579;6.467821702941835
946.0;548195.2870520164;5925077.655425796;6.467833879802325
947.0;548195.7004728738;5925078.458566054;6.4678394999570665
948.0;548196.4774368186;5925080.227613555;6.4678491347159035
949.0;548196.9697490359;5925081.13934317;6.46785358157933
950.0;548198.0253492056;5925082.773092094;6.467861204938236
951.0;548198.6745449331;5925083.748011789;6.46786472345245
952.0;548199.8426133222;5925085.923993853;6.4678707553212265
953.0;548200.3468881629;5925087.123586601;6.467873539293001
954.0;548201.156414089;5925089.433271519;6.467878311919004
955.0;548201.541383608;5925090.622983399;6.467880514695055
956.0;548201.8890652476;5925091.885268783;6.467882548050413
957.0;548202.0531249146;5925092.585631178;6.467883524066881
958.0;548202.4068524282;5925094.058435618;6.467885325964368
959.0;548202.6089743446;5925094.882633612;6.467886190880387
960.0;548203.0097277443;5925096.583541614;6.46788778766697
961.0;548203.2423293019;5925097.506399852;6.46788855412916
962.0;548203.7572704108;5925099.378250211;6.467889969152716
963.0;548204.0511073467;5925100.390397667;6.467890648368126
964.0;548204.7103010726;5925102.406762221;6.466015508918745
965.0;548205.1303538799;5925103.458587874;6.462758029953643
966.0;548205.9840891827;5925105.490555166;6.452413116745671
967.0;548206.4886315542;5925106.50770604;6.445535609666228
968.0;548207.5323644436;5925108.36311011;6.43018965363056
969.0;548208.1138306056;5925109.270934935;6.422207973653062
970.0;548209.4072434851;5925111.066128202;6.406066995688229
971.0;548210.0772434387;5925111.970778413;6.396374674899368
972.0;548211.4377541812;5925113.67238983;6.3758514071091925
973.0;548212.2149425457;5925114.595741017;6.3649031030122805
974.0;548213.948326498;5925116.449387762;6.339864174155001
975.0;548214.9534923006;5925117.419823785;6.325408205243101
976.0;548216.8126728728;5925119.271020123;6.294587984451587
977.0;548217.6705480352;5925120.212612476;6.278266514772376
978.0;548219.2803984382;5925121.983363546;6.245152857144271
979.0;548220.1305017506;5925122.857329136;6.22809779752276
980.0;548221.6438713529;5925124.5117073115;6.194874697095048
981.0;548222.3307139173;5925125.370278714;6.177782681993792
982.0;548223.4999257522;5925127.053350673;6.142950670069178
983.0;548224.0678911553;5925127.889939054;6.0830535106952395
984.0;548224.4218550639;5925128.470426503;6.020304092812054
985.0;548224.9682902098;5925129.312932139;5.900729937875019
986.0;548225.7946815548;5925130.985156679;5.634465331907722
987.0;548226.1076696711;5925131.86489488;5.618637486878148
988.0;548226.5612180518;5925133.533286779;5.607387776511805
989.0;548226.7600100246;5925134.321869165;5.601827205415218
990.0;548227.0909594446;5925135.684899557;5.591530516756142
991.0;548227.2441253483;5925136.381076267;5.586909832732736
992.0;548227.3038548145;5925137.824852838;5.577819260896835
993.0;548227.2468279916;5925138.55537291;5.573426641320052
994.0;548226.993907271;5925139.950200842;5.56531149583321
995.0;548226.781406796;5925140.649617711;5.561415911272374
996.0;548226.3107229191;5925141.933754622;5.55422392331672
997.0;548226.0099053469;5925142.605960859;5.550771745325695
998.0;548225.3840275647;5925143.884879263;5.544398419077269
999.0;548225.1088663979;5925144.471417271;5.541339203958956
1000.0;548224.6250467069;5925145.476276871;5.535691356595126
1001.0;548224.3940252756;5925145.938194083;5.532980373484895
1002.0;548223.9455393694;5925146.667664884;5.5279754234502105
1003.0;548223.667996389;5925147.039063322;5.525573032922012
1004.0;548222.9571886766;5925147.6764811855;5.521137798887519
1005.0;548222.5852831462;5925148.020823341;5.519008873691269
1006.0;548221.8377151551;5925148.653871724;5.515078504595793
1007.0;548221.4262730674;5925148.963539508;5.5131919160340965
1008.0;548220.5865182148;5925149.538181399;5.509708942845639
1009.0;548220.0601839534;5925149.816690326;5.508037105616508
1010.0;548218.950384872;5925150.221550856;5.504950601032122
1011.0;548218.373156317;5925150.458368452;5.503469069882483
1012.0;548217.2278032947;5925150.929466897;5.500350756096975
1013.0;548216.601162594;5925151.178603846;5.498278891778919
1014.0;548215.2194895664;5925151.772560046;5.492716682258854
1015.0;548214.4217571879;5925152.154614253;5.4881968551517915
1016.0;548212.8132325656;5925152.9050689675;5.474808885564994
1017.0;548212.0199764379;5925153.267804072;5.466462897532237
1018.0;548210.6093437173;5925153.846050287;5.449553546008224
1019.0;548209.9585887666;5925154.0726263905;5.441737096058423
1020.0;548208.6820429324;5925154.450731685;5.4286148456639784
1021.0;548208.0200423226;5925154.6474760985;5.421773406638188
1022.0;548206.5622220935;5925155.207236939;5.407175086448942
1023.0;548205.7413259831;5925155.53779582;5.396514159150816
1024.0;548204.0604728927;5925156.18130509;5.370091904448807
1025.0;548203.175896078;5925156.532260851;5.355005741458885
1026.0;548201.5021478704;5925157.20102027;5.325002931921051
1027.0;548200.6506224865;5925157.531900421;5.310188383010099
1028.0;548198.9732727665;5925158.147029603;5.282568562048458
1029.0;548198.0697987053;5925158.451898368;5.269349402612104
1030.0;548196.2534603955;5925159.117586879;5.2453920924518185
1031.0;548195.2969018915;5925159.496760913;5.234276773757149
1032.0;548193.3635488795;5925160.2678680485;5.215415245458112
1033.0;548192.3753202813;5925160.664956048;5.2078740335027325
1034.0;548190.4672329057;5925161.420164491;5.196492248347883
1035.0;548189.4957483307;5925161.785477393;5.192438182465142
1036.0;548187.6062608056;5925162.422897673;5.187296732462304
1037.0;548186.6803407172;5925162.710579182;5.185921161691945
1038.0;548184.9156986033;5925163.236883619;5.1838898045354185
1039.0;548183.9992535488;5925163.484010095;5.183758437121357
1040.0;548182.1842924388;5925163.948038348;5.185415921954619
1041.0;548181.2517678426;5925164.170188976;5.187540472631458
1042.0;548179.5145413143;5925164.533050029;5.193369751270771
1043.0;548178.6489654141;5925164.648025935;5.19648791510801
1044.0;548177.0807021605;5925164.720244679;5.20205819874188
1045.0;548176.3114632977;5925164.682585575;5.2041275725074945
1046.0;548172.975884394;5925164.155800753;5.21129151932371
1047.0;548171.4220852846;5925163.729478785;5.214490965988155
1048.0;548168.8008478355;5925162.616162886;5.220228942019958
1049.0;548167.5456739758;5925161.971920952;5.223798157151872
1050.0;548165.3580171872;5925160.448965748;5.232655692023024
1051.0;548164.2709863442;5925159.532991768;5.2389262671567405
1052.0;548162.3142621336;5925157.703719451;5.2542303001385315
1053.0;548161.2529945526;5925156.56910667;5.265576702799655
1054.0;548159.2864368665;5925154.3607533015;5.295815644107017
1055.0;548158.2813573123;5925153.213198068;5.3126625296865235
1056.0;548156.6350902151;5925151.122162586;5.34081986242774
1057.0;548155.8571488902;5925149.966047455;5.350464655061069
1058.0;548154.490712761;5925147.796194546;5.357917895118592
1059.0;548153.7436359623;5925146.624464193;5.357244397655748
1060.0;548152.3612448927;5925144.512320777;5.350556013861089
1061.0;548151.6609073791;5925143.410366847;5.345598781715264
1062.0;548150.3670830508;5925141.44980361;5.334353322497676
1063.0;548149.6925069209;5925140.452261464;5.328533795600564
1064.0;548148.5210292558;5925138.758473618;5.318404561740785
1065.0;548147.9109325384;5925137.873163915;5.3138789110418
1066.0;548146.8027840684;5925136.204995308;5.306575762600059
1067.0;548146.2628568319;5925135.338095839;5.303370806692113
1068.0;548145.4308055912;5925133.68648826;5.29799745602408
1069.0;548144.9500035109;5925132.748530472;5.294304612892609
1070.0;548144.2091489505;5925130.988688183;5.2896607220462855
1071.0;548143.9547841538;5925130.164217175;5.286611195766051
1072.0;548143.1324166007;5925128.352560905;5.2779998893916185
1073.0;548142.5794440875;5925127.2390733715;5.278144451701993
1074.0;548141.4968201997;5925125.267505974;5.286456830567182
1075.0;548140.7566950046;5925124.1745053455;5.294355182781524
1076.0;548139.1192936315;5925122.202792398;5.322855173162094
1077.0;548138.1306590878;5925121.111527431;5.337190577923564
1078.0;548136.3732433425;5925118.869931224;5.359236054066455
1079.0;548135.4300304677;5925117.601210732;5.364087370816685
1080.0;548133.7779289784;5925115.235917437;5.364839227031489
1081.0;548132.7774351924;5925114.001342809;5.362346750132594
1082.0;548131.002289336;5925111.901043284;5.357869430295253
1083.0;548130.1353289641;5925110.72964905;5.356073662465795
1084.0;548128.8354275614;5925108.509988167;5.351379213399271
1085.0;548128.1813173427;5925107.314388987;5.347140661208922
1086.0;548126.981889468;5925105.113764464;5.339321284165287
1087.0;548126.4025049028;5925103.986400464;5.336429493831987
1088.0;548125.4317040971;5925101.711878782;5.33218208418397
1089.0;548124.9870784122;5925100.470419675;5.329821257474519
1090.0;548124.2438039484;5925098.045031428;5.324809593242132
1091.0;548123.7952548651;5925096.762356293;5.322199021774856
1092.0;548122.9170874708;5925094.617304827;5.322779484267881
1093.0;548122.4049393518;5925093.588370922;5.326378180967551
1094.0;548121.4193913599;5925091.758466375;5.339931161458176
1095.0;548120.7026358915;5925090.813720252;5.350192291509255
1096.0;548119.2422852203;5925089.099217534;5.385259620754513
1097.0;548118.475578854;5925088.248400497;5.409915955125038
1098.0;548117.0159657375;5925086.620777101;5.45987165608785
1099.0;548116.3058820902;5925085.8123761015;5.487646875472663
1100.0;548114.9917595388;5925084.225076803;5.537674993605252
1101.0;548114.3552216098;5925083.394500252;5.563249406595588
1102.0;548113.189504129;5925081.715084609;5.607365759788229
1103.0;548112.4846409683;5925080.789972117;5.628502985910407
1104.0;548110.9246933558;5925079.038370289;5.669173308883511
1105.0;548110.126851176;5925078.1892523365;5.692246878387552
1106.0;548108.8133802018;5925076.457950894;5.7338313248579995
1107.0;548108.1378737466;5925075.573363962;5.750462674260402
1108.0;548106.5940863222;5925074.1158884335;5.777493928232487
1109.0;548105.888357567;5925073.3159806505;5.794204679604271
1110.0;548104.0716799289;5925071.219878076;5.827077794478516
1111.0;548103.1477579908;5925070.058350875;5.839316867393701
1112.0;548101.6277091283;5925067.991932949;5.849208055864102
1113.0;548100.8820869615;5925066.925653338;5.846539135253592
1114.0;548099.5756353779;5925064.804287669;5.832650167472568
1115.0;548098.890411;5925063.722003606;5.817440944502416
1116.0;548097.6206564115;5925061.836948321;5.784559804010607
1117.0;548096.811941054;5925060.716739266;5.764422962168639
1118.0;548095.7005162976;5925059.162051999;5.732074350111703
1119.0;548095.2257004795;5925058.231471889;5.711921799851804
1120.0;548094.3814759227;5925056.597808152;5.668699250491068
1121.0;548093.99078714;5925055.773399206;5.648685355645698
1122.0;548093.2777780939;5925053.595651463;5.603511525330959
1123.0;548092.7455335914;5925052.29260581;5.584142845284306
1124.0;548091.7981048927;5925050.185218034;5.55508731974786
1125.0;548091.2168524313;5925048.915444522;5.542634602601132
1126.0;548089.9673440235;5925046.521092204;5.523954807417491
1127.0;548089.3320164526;5925045.256463679;5.515949007486411
1128.0;548088.1322660412;5925043.056365653;5.50393985395993
1129.0;548087.4832257422;5925041.846405476;5.498792962842946
1130.0;548086.5666765405;5925039.65699999;5.491072334691671
1131.0;548086.1156057782;5925038.523819924;5.487763422672042
1132.0;548085.3108435045;5925036.607681695;5.482799867254184
1133.0;548084.8904951063;5925035.508244833;5.480672583325928
1134.0;548084.2162943154;5925034.082737015;5.478351846229882
1135.0;548083.838080325;5925033.313393679;5.4773074987658275
1136.0;548083.0766510576;5925031.807491654;5.475598519629146
1137.0;548082.6589071329;5925030.979673985;5.474829467404077
1138.0;548082.0503106546;5925029.304499059;5.473570983754814
1139.0;548081.7254980991;5925028.328607389;5.473004657560477
1140.0;548081.2713528784;5925026.379179916;5.472077916524576
1141.0;548081.079742707;5925025.279278206;5.465442430338732
1142.0;548080.7807222209;5925023.165067807;5.4358955703924465
1143.0;548080.5491613481;5925021.979635824;5.411989905968096
1144.0;548080.114531815;5925019.748315354;5.35547513115183
1145.0;548079.8482533465;5925018.593821118;5.321117555287702
1146.0;548079.2806327204;5925016.368316269;5.2544144208781995
1147.0;548078.925496516;5925015.324693219;5.217273167128858
1148.0;548078.3128857287;5925013.176566641;5.155912940688702
1149.0;548077.9788533936;5925012.08371857;5.120126248731709
1150.0;548077.4409984882;5925010.163390529;5.055922803346384
1151.0;548077.1546775268;5925009.180409771;5.023178942209348
1152.0;548076.8939513025;5925007.441439225;4.96528432458837
1153.0;548076.7532915337;5925006.427119889;4.930923073180208
1154.0;548076.2982323231;5925004.48120022;4.862363839972888
1155.0;548076.0271073825;5925003.469246081;4.831500552645393
1156.0;548075.3395214104;5925001.686974052;4.780542941170181
1157.0;548074.8661545357;5925000.722818611;4.763099787514122
1158.0;548074.0034491704;5924999.0396932755;4.747268734990502
1159.0;548073.4003006931;5924998.280368983;4.743773039064021
1160.0;548072.345912281;5924996.856140078;4.763822387122455
1161.0;548071.8939328763;5924996.092065022;4.777664943781101
1162.0;548071.2499642984;5924994.717920506;4.797995935087359
1163.0;548070.8299047212;5924993.910438535;4.804497714686845
1164.0;548069.9601595718;5924992.452827083;4.834798390022398
1165.0;548069.4194933622;5924991.646518343;4.859278362739106
1166.0;548068.4148934935;5924990.254545475;4.922387381280885
1167.0;548067.7894701968;5924989.54395393;4.959396236611335
1168.0;548066.3748099889;5924988.082988666;5.044131022079329
1169.0;548065.6637920593;5924987.164957191;5.078059522244922
1170.0;548064.4819289201;5924985.38786696;5.1261272952109085
1171.0;548063.9219009122;5924984.379527556;5.145017702002654
1172.0;548062.8612251164;5924982.437811093;5.171952871531449
1173.0;548062.2967708036;5924981.330373501;5.1794632602855275
1174.0;548061.2129630662;5924979.421169199;5.1839164699353155
1175.0;548060.6650293005;5924978.394999069;5.180811256235811
1176.0;548059.7798135914;5924976.695125718;5.169486923579328
1177.0;548059.2640737932;5924975.836163933;5.162780507729531
1178.0;548058.5495668652;5924974.215088607;5.142960596265462
1179.0;548058.1911581567;5924973.399493517;5.134643534783321
1180.0;548057.5104953352;5924971.982423313;5.117824925701033
1181.0;548057.1795748892;5924971.3109688;5.107248974127959
1182.0;548056.5125756739;5924970.083138445;5.086920214744247
1183.0;548056.1370558887;5924969.427595085;5.074231512954573
1184.0;548055.5630928661;5924968.162401896;5.0471728368774995
1185.0;548055.1937681156;5924967.416922914;5.034386061105771
1186.0;548054.4719792467;5924966.084755185;5.005560760036352
1187.0;548054.1968322496;5924965.333944018;4.988836870523562
1188.0;548053.6466748997;5924963.906200937;4.962797882518522
1189.0;548053.3565222386;5924963.1062183995;4.94842141597055
1190.0;548052.7504636414;5924961.539853271;4.925599978825966
1191.0;548052.3775123432;5924960.580059863;4.91512656210276
1192.0;548051.6655386861;5924958.731325057;4.899429353841614
1193.0;548051.3754375846;5924957.703782887;4.893604376051052
1194.0;548050.650923226;5924955.605186118;4.891766116656296
1195.0;548050.2046638024;5924954.4416925805;4.892582386834449
1196.0;548049.2968093505;5924952.195023343;4.897252182347453
1197.0;548048.9189425738;5924951.051405525;4.902192919414612
1198.0;548048.1345688867;5924948.787483171;4.917481327007673
1199.0;548047.6168593349;5924947.447304468;4.928924764991798
1200.0;548046.6568308232;5924945.107476246;4.962030862687208
1201.0;548046.170728553;5924943.877767872;4.981534546768082
1202.0;548045.2031967496;5924941.737024281;5.022670237169114
1203.0;548044.6001857914;5924940.649015246;5.04511008718656
1204.0;548043.5152253231;5924938.47278017;5.088792835308355
1205.0;548042.9200708622;5924937.3207262615;5.115151613009098
1206.0;548041.6759085925;5924935.392106292;5.167585833168469
1207.0;548041.0005505509;5924934.413118867;5.1939865367841795
1208.0;548039.6883599394;5924932.690684523;5.243124572850605
1209.0;548039.0448901244;5924931.815145785;5.265563482427736
1210.0;548037.7707241233;5924930.33150416;5.302342063313526
1211.0;548037.0814593134;5924929.519377112;5.318895939201409
1212.0;548035.8482203614;5924928.168124571;5.345985437077731
1213.0;548035.1536007136;5924927.428237854;5.358175927907396
1214.0;548033.8131218058;5924926.076711797;5.378124557349541
1215.0;548032.8846504149;5924925.54918633;5.387101576561633
1216.0;548031.0812399811;5924924.717267627;5.401791647702801
1217.0;548030.1741255018;5924924.35125645;5.408402279544377
1218.0;548028.66042986;5924923.875202068;5.419219974120547
1219.0;548027.8614171935;5924923.686177335;5.424088010192698
1220.0;548026.3470737694;5924923.551277266;5.432054106123666
1221.0;548025.5152368776;5924923.514491371;5.4356389034271135
1222.0;548023.9770299941;5924923.6780232275;5.441505096443987
1223.0;548022.9439687753;5924923.920560996;5.444144923165962
1224.0;548020.9010399879;5924924.47183381;5.448464758228132
1225.0;548019.7028342488;5924924.818454248;5.45040871336204
1226.0;548017.5665300284;5924925.323563342;5.453589818196246
1227.0;548016.3726300373;5924925.647988202;5.455021336989198
1228.0;548014.109836584;5924926.261962747;5.457363886605229
1229.0;548012.9441350581;5924926.634834915;5.458418049851505
1230.0;548010.8013730132;5924927.319212659;5.4606854745941895
1231.0;548009.5127225388;5924927.693155051;5.46226670989627
1232.0;548006.9189153397;5924928.148656472;5.467020911331343
1233.0;548005.4767327306;5924928.348787298;5.469385571068237
1234.0;548002.8205070316;5924928.595047794;5.4743820874374505
1235.0;548001.4314962662;5924928.757008763;5.476685327312582
1236.0;547998.8767885786;5924929.019378143;5.482950925721666
1237.0;547997.3752967038;5924929.193018375;5.48665476528381
1238.0;547994.6012145075;5924929.623689985;5.515071797824439
1239.0;547993.0609961553;5924929.734462279;5.541286851910032
1240.0;547990.2412529803;5924929.684372104;5.605892870158649
1241.0;547988.7526906967;5924929.781163122;5.643686585614697
1242.0;547985.323081562;5924929.9249281725;5.760900275249745
1243.0;547983.6049849853;5924930.15536234;5.821881899087936
1244.0;547980.6316106672;5924930.873627671;5.9426736335491865
1245.0;547979.1917414326;5924931.27343173;6.015519890802306
1246.0;547977.460858378;5924931.8160349075;6.111782738400913
1247.0;547976.5100342025;5924932.224298797;6.163374078311294
1248.0;547974.7002725023;5924932.937124778;6.2550448247335
1249.0;547973.7494055921;5924933.355911215;6.296088566253582
1250.0;547972.0966571798;5924934.187626638;6.364033827070874
1251.0;547971.1985001154;5924934.7714836355;6.395275996192306
1252.0;547969.5707524671;5924935.715379568;6.4488270750316055
1253.0;547968.7220570417;5924936.18608457;6.47171356065129
1254.0;547967.2129490203;5924937.0496941395;6.5070749186275005
1255.0;547966.3766061459;5924937.525012444;6.522136135382262
1256.0;547964.6542533687;5924938.581478848;6.543822682523107
1257.0;547963.7511153078;5924939.204859071;6.551033909143353
1258.0;547962.1495568955;5924940.3791475445;6.559444547058816
1259.0;547961.2693920672;5924941.153170692;6.561281257587495
1260.0;547959.6414967015;5924942.62373601;6.559087410036444
1261.0;547958.7655775239;5924943.391718958;6.554589461542312
1262.0;547957.1211812326;5924944.621042374;6.539733794118269
1263.0;547956.1768702216;5924945.2931175;6.532601741771667
1264.0;547954.3919687;5924946.515857812;6.520849534437143
1265.0;547953.3811897425;5924947.18059858;6.515556492280618
1266.0;547951.5047730622;5924948.440534426;6.506894100307267
1267.0;547950.5432548732;5924949.016748077;6.502995920359065
1268.0;547948.7504237117;5924950.165123508;6.496616897116883
1269.0;547947.7581027198;5924950.844778625;6.493746292808591
1270.0;547945.2163994501;5924952.4009870775;6.487287189265838
1271.0;547943.8532421052;5924953.222447626;6.484518942313663
1272.0;547941.4443452884;5924954.790532733;6.48036641511562
1273.0;547940.1521984157;5924955.62938506;6.478586722208746
1274.0;547937.9877039947;5924957.066058811;6.4759170820618825
1275.0;547936.8782139854;5924957.890361189;6.474772925887416
1276.0;547935.0007489099;5924959.233538248;6.473056626830518
1277.0;547934.0475511372;5924959.9280818375;6.4723210542232925
1278.0;547932.676528037;5924960.89069711;6.471518589346014
1279.0;547931.8594652237;5924961.41614961;6.471157474697998
1280.0;547930.3284703502;5924962.4334936;6.47056654359446
1281.0;547929.4972962299;5924962.9651540825;6.470300620582129
1282.0;547927.7441225498;5924963.865178599;6.469865461886695
1283.0;547926.807894429;5924964.333427216;6.469669637516579
1284.0;547925.2211793019;5924965.2870670995;6.4693491888397725
1285.0;547924.3846547414;5924965.855817337;6.469204984757564
1286.0;547922.6552357835;5924966.912757425;6.4689690079621
1287.0;547921.6755337238;5924967.599642921;6.468862816800534
1288.0;547919.868358316;5924968.81376515;6.463519242796821
1289.0;547918.7450938385;5924969.344250962;6.454276435498866
1290.0;547916.5446301755;5924970.224066493;6.416250864539418
1291.0;547915.2874587625;5924970.564267393;6.387831892597646
1292.0;547913.2442391026;5924970.856619629;6.319736438912702
1293.0;547912.1490883495;5924970.887043315;6.2847896473650176
1294.0;547910.2439168349;5924970.670819454;6.213127460657547
1295.0;547909.3269870852;5924970.374508809;6.174908332946487
1296.0;547907.7575864181;5924969.614346741;6.104914971910817
1297.0;547906.9099934491;5924969.093536327;6.069159201728393
1298.0;547905.2497546674;5924967.988799366;5.99888144987552
1299.0;547904.2810766344;5924967.35889196;5.9589544529945995
1300.0;547902.6145982357;5924966.210200404;5.876036424368145
1301.0;547901.7649498422;5924965.510560524;5.8355783965214
1302.0;547900.1216857939;5924964.159187684;5.768800825813209
1303.0;547899.2756374418;5924963.40789891;5.738719021674085
1304.0;547897.8708927085;5924961.799242459;5.689487182570446
1305.0;547897.0704647844;5924960.808069888;5.667332205955988
1306.0;547895.5789717857;5924958.735934882;5.631077555347489
1307.0;547894.8302152517;5924957.696568678;5.614762713001497
1308.0;547893.5258660929;5924955.729298132;5.588064964678455
1309.0;547892.9069810956;5924954.6590951;5.576050796505499
1310.0;547891.9587237561;5924952.363242037;5.5563907087867435
1311.0;547891.4747062112;5924951.149969342;5.547543535710941
1312.0;547890.6725332869;5924948.856422317;5.533065945899534
1313.0;547890.2964401966;5924947.702126073;5.526550932100293
1314.0;547889.6386930533;5924945.534138019;5.51588970770772
1315.0;547889.1725242983;5924944.227107478;5.511092084281498
1316.0;547888.0956114869;5924941.834366366;5.5032412122075245
1317.0;547887.4081114974;5924940.53706675;5.499708266422743
1318.0;547886.1286488972;5924938.190547399;5.493926923675204
1319.0;547885.3865309627;5924936.968370177;5.491325280151039
1320.0;547884.0841418558;5924934.78575305;5.487067928400865
1321.0;547883.3938937011;5924933.701669188;5.485152091181969
1322.0;547882.1724936791;5924931.877527861;5.482016998744762
1323.0;547881.5189909894;5924930.947418279;5.480606185843142
1324.0;547880.466101637;5924929.596521756;5.478297519525065
1325.0;547880.0284148465;5924928.989243862;5.477258603993126
1326.0;547879.3668161556;5924928.076572904;5.47555851371669
1327.0;547879.0964041989;5924927.673792477;5.474793461539138
1328.0;547878.7115078437;5924927.040606519;5.473541523601897
1329.0;547878.5194453433;5924926.742421179;5.472978143022452
1330.0;547878.0025332549;5924925.999398081;5.472056222215994
1331.0;547877.6831327913;5924925.725732129;5.471641351588071
1332.0;547876.7575073763;5924925.238112312;5.470962453738506
1333.0;547876.1185293561;5924925.0916760275;5.470656945092675
1334.0;547874.8368760583;5924925.137961867;5.470157008127468
1335.0;547874.0029831716;5924925.081657574;5.469932033095746
1336.0;547872.2728473997;5924925.151711643;5.4695638820265655
1337.0;547871.2645054754;5924925.194452003;5.469398211543622
1338.0;547869.3012690217;5924925.136641653;5.469127106946101
1339.0;547868.3338615168;5924925.04861157;5.469005108034895
1340.0;547866.6081929157;5924924.600625561;5.468805467971481
1341.0;547865.7712298809;5924924.208355157;5.468128626477904
1342.0;547863.7510631044;5924923.198890276;5.457968653486354
1343.0;547862.7544684461;5924922.546887268;5.445832460257597
1344.0;547860.8785622146;5924921.344533649;5.414612012460886
1345.0;547859.9150765209;5924920.514112854;5.388974738629123
1346.0;547858.2813815192;5924919.211953602;5.335155973329482
1347.0;547857.5122114094;5924918.540834923;5.303871258479651
1348.0;547856.4493546719;5924917.583289368;5.248355173982377
1349.0;547856.1360153127;5924917.308488899;5.230801537863062
1350.0;547855.6623753678;5924916.889283172;5.201312812455742
1351.0;547855.4579469351;5924916.704360776;5.18792893219105
1352.0;547855.1434656979;5924916.416597236;5.165914379478733
1353.0;547855.0033557595;5924916.270805531;5.155846302392129
1354.0;547854.782347082;5924916.025857151;5.138996944089842
1355.0;547854.6776884457;5924915.916326713;5.131177105237418
1356.0;547854.5091582269;5924915.747458332;5.117717068133286
1357.0;547854.4285121581;5924915.672933517;5.111397587431709
1358.0;547854.3015025913;5924915.555796819;5.100483723652934
1359.0;547854.243676604;5924915.502540487;5.0954224872652985
1360.0;547854.1345149697;5924915.4260418005;5.086900143806642
1361.0;547854.0845796299;5924915.3925883975;5.082614492577764
1362.0;547854.0008161117;5924915.343707419;5.075323517261573
1363.0;547853.9532917651;5924915.329315132;5.071854576671112
1364.0;547853.874291986;5924915.312097795;5.065426031128198
1365.0;547853.8382784696;5924915.30692188;5.062342117314096
1366.0;547853.7795678935;5924915.304950766;5.05712789905026
1367.0;547853.7521581807;5924915.306943846;5.05468196172333
1368.0;547853.7085383388;5924915.316304954;5.050524005041061
1369.0;547853.6893494256;5924915.327940175;5.048596290472642
1370.0;547853.6902500582;5924915.368499422;5.045405879909344
